% Matlab M-file converted by [Custom WaveView] saved 05:25:49 Wed May 22 2019
TIME = [ 0.000E+00  7.813E-08  1.563E-07  2.344E-07  3.125E-07  3.906E-07  4.688E-07  5.469E-07  6.250E-07  7.031E-07  7.813E-07  8.594E-07  9.375E-07  1.016E-06  1.094E-06  1.172E-06  1.250E-06  1.328E-06  1.406E-06  1.484E-06  1.563E-06  1.641E-06  1.719E-06  1.797E-06  1.875E-06  1.953E-06  2.031E-06  2.109E-06  2.188E-06  2.266E-06  2.344E-06  2.422E-06  2.500E-06  2.578E-06  2.656E-06  2.734E-06  2.813E-06  2.891E-06  2.969E-06  3.047E-06  3.125E-06  3.203E-06  3.281E-06  3.359E-06  3.438E-06  3.516E-06  3.594E-06  3.672E-06  3.750E-06  3.828E-06  3.906E-06  3.984E-06  4.063E-06  4.141E-06  4.219E-06  4.297E-06  4.375E-06  4.453E-06  4.531E-06  4.609E-06  4.688E-06  4.766E-06  4.844E-06  4.922E-06  5.000E-06  5.078E-06  5.156E-06  5.234E-06  5.313E-06  5.391E-06  5.469E-06  5.547E-06  5.625E-06  5.703E-06  5.781E-06  5.859E-06  5.938E-06  6.016E-06  6.094E-06  6.172E-06  6.250E-06  6.328E-06  6.406E-06  6.484E-06  6.563E-06  6.641E-06  6.719E-06  6.797E-06  6.875E-06  6.953E-06  7.031E-06  7.109E-06  7.188E-06  7.266E-06  7.344E-06  7.422E-06  7.500E-06  7.578E-06  7.656E-06  7.734E-06  7.813E-06  7.891E-06  7.969E-06  8.047E-06  8.125E-06  8.203E-06  8.281E-06  8.359E-06  8.438E-06  8.516E-06  8.594E-06  8.672E-06  8.750E-06  8.828E-06  8.906E-06  8.984E-06  9.063E-06  9.141E-06  9.219E-06  9.297E-06  9.375E-06  9.453E-06  9.531E-06  9.609E-06  9.687E-06  9.766E-06  9.844E-06  9.922E-06  1.000E-05  1.008E-05  1.016E-05  1.023E-05  1.031E-05  1.039E-05  1.047E-05  1.055E-05  1.063E-05  1.070E-05  1.078E-05  1.086E-05  1.094E-05  1.102E-05  1.109E-05  1.117E-05  1.125E-05  1.133E-05  1.141E-05  1.148E-05  1.156E-05  1.164E-05  1.172E-05  1.180E-05  1.188E-05  1.195E-05  1.203E-05  1.211E-05  1.219E-05  1.227E-05  1.234E-05  1.242E-05  1.250E-05  1.258E-05  1.266E-05  1.273E-05  1.281E-05  1.289E-05  1.297E-05  1.305E-05  1.313E-05  1.320E-05  1.328E-05  1.336E-05  1.344E-05  1.352E-05  1.359E-05  1.367E-05  1.375E-05  1.383E-05  1.391E-05  1.398E-05  1.406E-05  1.414E-05  1.422E-05  1.430E-05  1.438E-05  1.445E-05  1.453E-05  1.461E-05  1.469E-05  1.477E-05  1.484E-05  1.492E-05  1.500E-05  1.508E-05  1.516E-05  1.523E-05  1.531E-05  1.539E-05  1.547E-05  1.555E-05  1.563E-05  1.570E-05  1.578E-05  1.586E-05  1.594E-05  1.602E-05  1.609E-05  1.617E-05  1.625E-05  1.633E-05  1.641E-05  1.648E-05  1.656E-05  1.664E-05  1.672E-05  1.680E-05  1.688E-05  1.695E-05  1.703E-05  1.711E-05  1.719E-05  1.727E-05  1.734E-05  1.742E-05  1.750E-05  1.758E-05  1.766E-05  1.773E-05  1.781E-05  1.789E-05  1.797E-05  1.805E-05  1.813E-05  1.820E-05  1.828E-05  1.836E-05  1.844E-05  1.852E-05  1.859E-05  1.867E-05  1.875E-05  1.883E-05  1.891E-05  1.898E-05  1.906E-05  1.914E-05  1.922E-05  1.930E-05  1.937E-05  1.945E-05  1.953E-05  1.961E-05  1.969E-05  1.977E-05  1.984E-05  1.992E-05  2.000E-05  2.008E-05  2.016E-05  2.023E-05  2.031E-05  2.039E-05  2.047E-05  2.055E-05  2.063E-05  2.070E-05  2.078E-05  2.086E-05  2.094E-05  2.102E-05  2.109E-05  2.117E-05  2.125E-05  2.133E-05  2.141E-05  2.148E-05  2.156E-05  2.164E-05  2.172E-05  2.180E-05  2.188E-05  2.195E-05  2.203E-05  2.211E-05  2.219E-05  2.227E-05  2.234E-05  2.242E-05  2.250E-05  2.258E-05  2.266E-05  2.273E-05  2.281E-05  2.289E-05  2.297E-05  2.305E-05  2.313E-05  2.320E-05  2.328E-05  2.336E-05  2.344E-05  2.352E-05  2.359E-05  2.367E-05  2.375E-05  2.383E-05  2.391E-05  2.398E-05  2.406E-05  2.414E-05  2.422E-05  2.430E-05  2.438E-05  2.445E-05  2.453E-05  2.461E-05  2.469E-05  2.477E-05  2.484E-05  2.492E-05  2.500E-05  2.508E-05  2.516E-05  2.523E-05  2.531E-05  2.539E-05  2.547E-05  2.555E-05  2.563E-05  2.570E-05  2.578E-05  2.586E-05  2.594E-05  2.602E-05  2.609E-05  2.617E-05  2.625E-05  2.633E-05  2.641E-05  2.648E-05  2.656E-05  2.664E-05  2.672E-05  2.680E-05  2.688E-05  2.695E-05  2.703E-05  2.711E-05  2.719E-05  2.727E-05  2.734E-05  2.742E-05  2.750E-05  2.758E-05  2.766E-05  2.773E-05  2.781E-05  2.789E-05  2.797E-05  2.805E-05  2.813E-05  2.820E-05  2.828E-05  2.836E-05  2.844E-05  2.852E-05  2.859E-05  2.867E-05  2.875E-05  2.883E-05  2.891E-05  2.898E-05  2.906E-05  2.914E-05  2.922E-05  2.930E-05  2.938E-05  2.945E-05  2.953E-05  2.961E-05  2.969E-05  2.977E-05  2.984E-05  2.992E-05  3.000E-05  3.008E-05  3.016E-05  3.023E-05  3.031E-05  3.039E-05  3.047E-05  3.055E-05  3.063E-05  3.070E-05  3.078E-05  3.086E-05  3.094E-05  3.102E-05  3.109E-05  3.117E-05  3.125E-05  3.133E-05  3.141E-05  3.148E-05  3.156E-05  3.164E-05  3.172E-05  3.180E-05  3.188E-05  3.195E-05  3.203E-05  3.211E-05  3.219E-05  3.227E-05  3.234E-05  3.242E-05  3.250E-05  3.258E-05  3.266E-05  3.273E-05  3.281E-05  3.289E-05  3.297E-05  3.305E-05  3.313E-05  3.320E-05  3.328E-05  3.336E-05  3.344E-05  3.352E-05  3.359E-05  3.367E-05  3.375E-05  3.383E-05  3.391E-05  3.398E-05  3.406E-05  3.414E-05  3.422E-05  3.430E-05  3.438E-05  3.445E-05  3.453E-05  3.461E-05  3.469E-05  3.477E-05  3.484E-05  3.492E-05  3.500E-05  3.508E-05  3.516E-05  3.523E-05  3.531E-05  3.539E-05  3.547E-05  3.555E-05  3.563E-05  3.570E-05  3.578E-05  3.586E-05  3.594E-05  3.602E-05  3.609E-05  3.617E-05  3.625E-05  3.633E-05  3.641E-05  3.648E-05  3.656E-05  3.664E-05  3.672E-05  3.680E-05  3.688E-05  3.695E-05  3.703E-05  3.711E-05  3.719E-05  3.727E-05  3.734E-05  3.742E-05  3.750E-05  3.758E-05  3.766E-05  3.773E-05  3.781E-05  3.789E-05  3.797E-05  3.805E-05  3.813E-05  3.820E-05  3.828E-05  3.836E-05  3.844E-05  3.852E-05  3.859E-05  3.867E-05  3.875E-05  3.883E-05  3.891E-05  3.898E-05  3.906E-05  3.914E-05  3.922E-05  3.930E-05  3.938E-05  3.945E-05  3.953E-05  3.961E-05  3.969E-05  3.977E-05  3.984E-05  3.992E-05  4.000E-05  4.008E-05  4.016E-05  4.023E-05  4.031E-05  4.039E-05  4.047E-05  4.055E-05  4.063E-05  4.070E-05  4.078E-05  4.086E-05  4.094E-05  4.102E-05  4.109E-05  4.117E-05  4.125E-05  4.133E-05  4.141E-05  4.148E-05  4.156E-05  4.164E-05  4.172E-05  4.180E-05  4.188E-05  4.195E-05  4.203E-05  4.211E-05  4.219E-05  4.227E-05  4.234E-05  4.242E-05  4.250E-05  4.258E-05  4.266E-05  4.273E-05  4.281E-05  4.289E-05  4.297E-05  4.305E-05  4.313E-05  4.320E-05  4.328E-05  4.336E-05  4.344E-05  4.352E-05  4.359E-05  4.367E-05  4.375E-05  4.383E-05  4.391E-05  4.398E-05  4.406E-05  4.414E-05  4.422E-05  4.430E-05  4.438E-05  4.445E-05  4.453E-05  4.461E-05  4.469E-05  4.477E-05  4.484E-05  4.492E-05  4.500E-05  4.508E-05  4.516E-05  4.523E-05  4.531E-05  4.539E-05  4.547E-05  4.555E-05  4.563E-05  4.570E-05  4.578E-05  4.586E-05  4.594E-05  4.602E-05  4.609E-05  4.617E-05  4.625E-05  4.633E-05  4.641E-05  4.648E-05  4.656E-05  4.664E-05  4.672E-05  4.680E-05  4.688E-05  4.695E-05  4.703E-05  4.711E-05  4.719E-05  4.727E-05  4.734E-05  4.742E-05  4.750E-05  4.758E-05  4.766E-05  4.773E-05  4.781E-05  4.789E-05  4.797E-05  4.805E-05  4.813E-05  4.820E-05  4.828E-05  4.836E-05  4.844E-05  4.852E-05  4.859E-05  4.867E-05  4.875E-05  4.883E-05  4.891E-05  4.898E-05  4.906E-05  4.914E-05  4.922E-05  4.930E-05  4.938E-05  4.945E-05  4.953E-05  4.961E-05  4.969E-05  4.977E-05  4.984E-05  4.992E-05  5.000E-05  5.008E-05  5.016E-05  5.023E-05  5.031E-05  5.039E-05  5.047E-05  5.055E-05  5.063E-05  5.070E-05  5.078E-05  5.086E-05  5.094E-05  5.102E-05  5.109E-05  5.117E-05  5.125E-05  5.133E-05  5.141E-05  5.148E-05  5.156E-05  5.164E-05  5.172E-05  5.180E-05  5.188E-05  5.195E-05  5.203E-05  5.211E-05  5.219E-05  5.227E-05  5.234E-05  5.242E-05  5.250E-05  5.258E-05  5.266E-05  5.273E-05  5.281E-05  5.289E-05  5.297E-05  5.305E-05  5.313E-05  5.320E-05  5.328E-05  5.336E-05  5.344E-05  5.352E-05  5.359E-05  5.367E-05  5.375E-05  5.383E-05  5.391E-05  5.398E-05  5.406E-05  5.414E-05  5.422E-05  5.430E-05  5.438E-05  5.445E-05  5.453E-05  5.461E-05  5.469E-05  5.477E-05  5.484E-05  5.492E-05  5.500E-05  5.508E-05  5.516E-05  5.523E-05  5.531E-05  5.539E-05  5.547E-05  5.555E-05  5.563E-05  5.570E-05  5.578E-05  5.586E-05  5.594E-05  5.602E-05  5.609E-05  