% Matlab M-file converted by [Custom WaveView] saved 10:51:40 Sun Aug 18 2019
TIME = [ 0.000E+00  1.000E-05  2.000E-05  3.000E-05  4.000E-05  5.000E-05  6.000E-05  7.000E-05  8.000E-05  9.000E-05  1.000E-04  1.100E-04  1.200E-04  1.300E-04  1.400E-04  1.500E-04  1.600E-04  1.700E-04  1.800E-04  1.900E-04  2.000E-04  2.100E-04  2.200E-04  2.300E-04  2.400E-04  2.500E-04  2.600E-04  2.700E-04  2.800E-04  2.900E-04  3.000E-04  3.100E-04  3.200E-04  3.300E-04  3.400E-04  3.500E-04  3.600E-04  3.700E-04  3.800E-04  3.900E-04  4.000E-04  4.100E-04  4.200E-04  4.300E-04  4.400E-04  4.500E-04  4.600E-04  4.700E-04  4.800E-04  4.900E-04  5.000E-04  5.100E-04  5.200E-04  5.300E-04  5.400E-04  5.500E-04  5.600E-04  5.700E-04  5.800E-04  5.900E-04  6.000E-04  6.100E-04  6.200E-04  6.300E-04  6.400E-04  6.500E-04  6.600E-04  6.700E-04  6.800E-04  6.900E-04  7.000E-04  7.100E-04  7.200E-04  7.300E-04  7.400E-04  7.500E-04  7.600E-04  7.700E-04  7.800E-04  7.900E-04  8.000E-04  8.100E-04  8.200E-04  8.300E-04  8.400E-04  8.500E-04  8.600E-04  8.700E-04  8.800E-04  8.900E-04  9.000E-04  9.100E-04  9.200E-04  9.300E-04  9.400E-04  9.500E-04  9.600E-04  9.700E-04  9.800E-04  9.900E-04  1.000E-03 ];
v__d_0__ = [ 1.000E+00  1.000E-14  1.000E-14  1.000E-14  1.000E-14  1.000E+00  1.000E-14  1.000E+00  1.000E+00  1.000E+00  1.000E+00  1.000E+00  1.000E+00  1.000E-14  1.000E+00  1.000E+00  1.000E+00  1.000E+00  1.000E+00  1.000E+00  1.000E-14  1.000E-14  1.000E-14  1.000E+00  1.000E+00  1.000E-14  1.000E+00  1.000E+00  1.000E+00  1.000E+00  1.000E-14  1.000E-14  1.000E+00  1.000E+00  1.000E+00  1.000E+00  1.000E-14  1.000E+00  1.000E+00  1.000E-14  1.000E-14  1.000E-14  1.000E+00  1.000E-14  1.000E+00  1.000E+00  1.000E+00  1.000E+00  1.000E-14  1.000E+00  1.000E+00  1.000E+00  1.000E+00  1.000E+00  1.000E+00  1.000E-14  1.000E+00  1.000E-14  1.000E-14  1.000E-14  1.000E-14  1.000E-14  1.000E-14  1.000E+00  1.000E-14  1.000E-14  1.000E-14  1.000E-14  1.000E-14  1.000E-14  1.000E+00  1.000E+00  1.000E+00  1.000E-14  1.000E-14  1.000E+00  1.000E-14  1.000E-14  1.000E-14  1.000E-14  1.000E+00  1.000E+00  1.000E-14  1.000E-14  1.000E-14  1.000E-14  1.000E+00  1.000E-14  1.000E-14  1.000E+00  1.000E+00  1.000E+00  1.000E-14  1.000E+00  1.000E-14  1.000E-14  1.000E-14  1.000E-14  1.000E+00  1.000E-14  1.000E-14 ];
v__d_1__ = [ 1.000E+00  1.000E+00  1.000E+00  1.000E-14  1.000E+00  1.000E-14  1.000E-14  1.000E-14  1.000E+00  1.000E+00  1.000E-14  1.000E-14  1.000E+00  1.000E-14  1.000E+00  1.000E-14  1.000E-14  1.000E-14  1.000E-14  1.000E-14  1.000E+00  1.000E-14  1.000E-14  1.000E+00  1.000E-14  1.000E+00  1.000E+00  1.000E-14  1.000E+00  1.000E-14  1.000E+00  1.000E-14  1.000E-14  1.000E+00  1.000E+00  1.000E-14  1.000E+00  1.000E-14  1.000E+00  1.000E+00  1.000E+00  1.000E+00  1.000E-14  1.000E-14  1.000E+00  1.000E+00  1.000E+00  1.000E+00  1.000E+00  1.000E+00  1.000E-14  1.000E-14  1.000E-14  1.000E+00  1.000E-14  1.000E+00  1.000E+00  1.000E+00  1.000E-14  1.000E-14  1.000E+00  1.000E+00  1.000E-14  1.000E+00  1.000E-14  1.000E+00  1.000E+00  1.000E+00  1.000E+00  1.000E+00  1.000E-14  1.000E+00  1.000E+00  1.000E-14  1.000E+00  1.000E-14  1.000E-14  1.000E+00  1.000E-14  1.000E+00  1.000E-14  1.000E+00  1.000E+00  1.000E-14  1.000E-14  1.000E+00  1.000E-14  1.000E+00  1.000E-14  1.000E-14  1.000E-14  1.000E-14  1.000E+00  1.000E+00  1.000E-14  1.000E-14  1.000E-14  1.000E-14  1.000E-14  1.000E-14  1.000E+00 ];
v__d_2__ = [ 1.000E+00  1.000E-14  1.000E+00  1.000E-14  1.000E+00  1.000E-14  1.000E-14  1.000E+00  1.000E+00  1.000E-14  1.000E-14  1.000E+00  1.000E-14  1.000E-14  1.000E-14  1.000E+00  1.000E-14  1.000E+00  1.000E-14  1.000E-14  1.000E-14  1.000E+00  1.000E-14  1.000E+00  1.000E-14  1.000E-14  1.000E+00  1.000E-14  1.000E-14  1.000E+00  1.000E+00  1.000E+00  1.000E-14  1.000E-14  1.000E-14  1.000E+00  1.000E-14  1.000E-14  1.000E+00  1.000E+00  1.000E-14  1.000E-14  1.000E+00  1.000E+00  1.000E+00  1.000E+00  1.000E-14  1.000E+00  1.000E+00  1.000E+00  1.000E+00  1.000E+00  1.000E-14  1.000E+00  1.000E-14  1.000E+00  1.000E+00  1.000E-14  1.000E-14  1.000E+00  1.000E+00  1.000E-14  1.000E+00  1.000E+00  1.000E+00  1.000E-14  1.000E+00  1.000E-14  1.000E+00  1.000E+00  1.000E+00  1.000E-14  1.000E+00  1.000E-14  1.000E+00  1.000E+00  1.000E-14  1.000E+00  1.000E+00  1.000E-14  1.000E-14  1.000E-14  1.000E+00  1.000E+00  1.000E+00  1.000E-14  1.000E+00  1.000E+00  1.000E-14  1.000E-14  1.000E+00  1.000E+00  1.000E-14  1.000E-14  1.000E-14  1.000E-14  1.000E+00  1.000E-14  1.000E-14  1.000E-14  1.000E-14 ];
v__d_3__ = [ 1.000E+00  1.000E+00  1.000E-14  1.000E-14  1.000E-14  1.000E-14  1.000E-14  1.000E+00  1.000E+00  1.000E-14  1.000E+00  1.000E-14  1.000E+00  1.000E+00  1.000E+00  1.000E-14  1.000E+00  1.000E+00  1.000E-14  1.000E-14  1.000E-14  1.000E+00  1.000E-14  1.000E-14  1.000E-14  1.000E+00  1.000E+00  1.000E-14  1.000E+00  1.000E+00  1.000E+00  1.000E-14  1.000E+00  1.000E+00  1.000E-14  1.000E-14  1.000E-14  1.000E+00  1.000E-14  1.000E+00  1.000E-14  1.000E-14  1.000E+00  1.000E+00  1.000E-14  1.000E+00  1.000E+00  1.000E-14  1.000E+00  1.000E+00  1.000E+00  1.000E-14  1.000E+00  1.000E+00  1.000E+00  1.000E+00  1.000E+00  1.000E-14  1.000E-14  1.000E+00  1.000E-14  1.000E+00  1.000E-14  1.000E-14  1.000E-14  1.000E+00  1.000E-14  1.000E-14  1.000E+00  1.000E+00  1.000E+00  1.000E-14  1.000E+00  1.000E+00  1.000E+00  1.000E-14  1.000E-14  1.000E+00  1.000E-14  1.000E-14  1.000E-14  1.000E+00  1.000E-14  1.000E-14  1.000E+00  1.000E+00  1.000E+00  1.000E-14  1.000E+00  1.000E-14  1.000E+00  1.000E+00  1.000E-14  1.000E-14  1.000E+00  1.000E-14  1.000E-14  1.000E+00  1.000E-14  1.000E-14  1.000E-14 ];
v__d_4__ = [ 1.000E+00  1.000E+00  1.000E+00  1.000E-14  1.000E-14  1.000E+00  1.000E+00  1.000E+00  1.000E-14  1.000E-14  1.000E-14  1.000E-14  1.000E+00  1.000E-14  1.000E+00  1.000E+00  1.000E+00  1.000E-14  1.000E-14  1.000E+00  1.000E+00  1.000E+00  1.000E-14  1.000E-14  1.000E-14  1.000E+00  1.000E+00  1.000E-14  1.000E-14  1.000E-14  1.000E+00  1.000E+00  1.000E-14  1.000E-14  1.000E-14  1.000E+00  1.000E-14  1.000E+00  1.000E+00  1.000E+00  1.000E+00  1.000E-14  1.000E-14  1.000E-14  1.000E+00  1.000E+00  1.000E-14  1.000E-14  1.000E+00  1.000E+00  1.000E+00  1.000E-14  1.000E-14  1.000E+00  1.000E+00  1.000E-14  1.000E-14  1.000E-14  1.000E+00  1.000E+00  1.000E+00  1.000E+00  1.000E-14  1.000E+00  1.000E-14  1.000E-14  1.000E-14  1.000E+00  1.000E+00  1.000E-14  1.000E-14  1.000E-14  1.000E+00  1.000E+00  1.000E+00  1.000E-14  1.000E-14  1.000E+00  1.000E+00  1.000E+00  1.000E-14  1.000E-14  1.000E+00  1.000E+00  1.000E+00  1.000E-14  1.000E+00  1.000E-14  1.000E-14  1.000E-14  1.000E-14  1.000E+00  1.000E+00  1.000E+00  1.000E-14  1.000E-14  1.000E+00  1.000E+00  1.000E-14  1.000E-14  1.000E-14 ];
v__d_5__ = [ 1.000E+00  1.000E+00  1.000E+00  1.000E+00  1.000E-14  1.000E-14  1.000E-14  1.000E-14  1.000E+00  1.000E+00  1.000E+00  1.000E+00  1.000E-14  1.000E+00  1.000E-14  1.000E-14  1.000E-14  1.000E-14  1.000E+00  1.000E+00  1.000E+00  1.000E+00  1.000E+00  1.000E-14  1.000E-14  1.000E+00  1.000E-14  1.000E-14  1.000E-14  1.000E-14  1.000E-14  1.000E+00  1.000E+00  1.000E+00  1.000E+00  1.000E-14  1.000E+00  1.000E-14  1.000E-14  1.000E-14  1.000E-14  1.000E+00  1.000E+00  1.000E+00  1.000E+00  1.000E-14  1.000E-14  1.000E-14  1.000E+00  1.000E-14  1.000E+00  1.000E-14  1.000E-14  1.000E-14  1.000E+00  1.000E+00  1.000E+00  1.000E+00  1.000E-14  1.000E-14  1.000E-14  1.000E-14  1.000E+00  1.000E-14  1.000E+00  1.000E+00  1.000E+00  1.000E+00  1.000E-14  1.000E-14  1.000E-14  1.000E-14  1.000E-14  1.000E+00  1.000E+00  1.000E-14  1.000E+00  1.000E+00  1.000E+00  1.000E+00  1.000E+00  1.000E-14  1.000E-14  1.000E-14  1.000E-14  1.000E+00  1.000E-14  1.000E+00  1.000E+00  1.000E+00  1.000E+00  1.000E-14  1.000E-14  1.000E-14  1.000E-14  1.000E+00  1.000E+00  1.000E+00  1.000E-14  1.000E+00  1.000E-14 ];
