% Matlab M-file converted by [Custom WaveView] saved 23:35:38 Sun Aug 18 2019
TIME = [ 0.000E+00  1.000E-05  2.000E-05  3.000E-05  4.000E-05  5.000E-05  6.000E-05  7.000E-05  8.000E-05  9.000E-05  1.000E-04  1.100E-04  1.200E-04  1.300E-04  1.400E-04  1.500E-04  1.600E-04  1.700E-04  1.800E-04  1.900E-04  2.000E-04  2.100E-04  2.200E-04  2.300E-04  2.400E-04  2.500E-04  2.600E-04  2.700E-04  2.800E-04  2.900E-04  3.000E-04  3.100E-04  3.200E-04  3.300E-04  3.400E-04  3.500E-04  3.600E-04  3.700E-04  3.800E-04  3.900E-04  4.000E-04  4.100E-04  4.200E-04  4.300E-04  4.400E-04  4.500E-04  4.600E-04  4.700E-04  4.800E-04  4.900E-04  5.000E-04  5.100E-04  5.200E-04  5.300E-04  5.400E-04  5.500E-04  5.600E-04  5.700E-04  5.800E-04  5.900E-04  6.000E-04  6.100E-04  6.200E-04  6.300E-04  6.400E-04  6.500E-04  6.600E-04  6.700E-04  6.800E-04  6.900E-04  7.000E-04  7.100E-04  7.200E-04  7.300E-04  7.400E-04  7.500E-04  7.600E-04  7.700E-04  7.800E-04  7.900E-04  8.000E-04  8.100E-04  8.200E-04  8.300E-04  8.400E-04  8.500E-04  8.600E-04  8.700E-04  8.800E-04  8.900E-04  9.000E-04  9.100E-04  9.200E-04  9.300E-04  9.400E-04  9.500E-04  9.600E-04  9.700E-04  9.800E-04  9.900E-04  1.000E-03 ];
par__d_out__ = [ 9.961E-01  9.375E-01  9.648E-01  9.727E-01  9.570E-01  7.539E-01  3.750E-01  2.539E-01  5.664E-01  9.492E-01  9.727E-01  9.727E-01  9.492E-01  6.289E-01  2.539E-01  3.164E-01  6.914E-01  9.570E-01  9.727E-01  9.688E-01  9.414E-01  5.000E-01  2.500E-01  4.375E-01  8.789E-01  9.648E-01  9.727E-01  9.609E-01  8.164E-01  3.750E-01  2.539E-01  5.625E-01  9.453E-01  9.727E-01  9.727E-01  9.531E-01  6.875E-01  3.125E-01  3.125E-01  6.875E-01  9.570E-01  9.727E-01  9.688E-01  9.414E-01  5.039E-01  2.539E-01  3.789E-01  8.164E-01  9.648E-01  9.727E-01  9.648E-01  8.750E-01  3.789E-01  2.500E-01  5.039E-01  9.414E-01  9.688E-01  9.727E-01  9.570E-01  6.914E-01  3.125E-01  2.539E-01  6.289E-01  9.492E-01  9.727E-01  9.727E-01  9.453E-01  5.625E-01  2.539E-01  3.750E-01  8.125E-01  9.609E-01  9.727E-01  9.648E-01  8.789E-01  4.375E-01  2.500E-01  4.414E-01  9.414E-01  9.648E-01  9.727E-01  9.570E-01  7.500E-01  3.164E-01  2.539E-01  6.250E-01  9.492E-01  9.727E-01  9.727E-01  9.492E-01  5.664E-01  2.539E-01  3.164E-01  7.539E-01  9.570E-01  9.727E-01  9.648E-01  9.414E-01  4.414E-01  2.500E-01  4.414E-01 ];
v__cmp_diff__ = [ 1.700E-26  1.000E+00  1.000E+00  1.000E+00  1.000E+00  1.000E+00  1.000E+00  1.000E+00  1.000E+00  1.000E+00  1.000E+00  1.000E+00  1.000E+00  1.000E+00  1.000E+00  1.000E+00  1.000E+00  1.000E+00  1.000E+00  1.000E+00  1.000E+00  1.000E+00  1.000E+00  1.000E+00  1.000E+00  1.000E+00  1.000E+00  1.000E+00  1.000E+00  1.000E+00  1.000E+00  1.000E+00  1.000E+00  1.000E+00  1.000E+00  1.000E+00  1.000E+00  1.000E+00  1.000E+00  1.000E+00  6.826E-01  1.000E+00  1.000E+00  1.000E+00  1.000E+00  8.345E-01  1.000E+00  1.000E+00  1.000E+00  1.000E+00  1.000E+00  1.000E+00  1.000E+00  1.000E+00  1.000E+00  1.000E+00  1.000E+00  1.000E+00  1.000E+00  1.000E+00  1.000E+00  1.000E+00  1.000E+00  1.000E+00  1.000E+00  1.000E+00  1.000E+00  1.000E+00  1.000E+00  1.000E+00  1.000E+00  1.000E+00  1.000E+00  1.000E+00  1.000E+00  1.000E+00  1.000E+00  1.000E+00  1.000E+00  1.000E+00  1.000E+00  1.000E+00  1.000E+00  1.000E+00  1.000E+00  1.000E+00  1.000E+00  1.000E+00  1.000E+00  1.000E+00  1.000E+00  1.000E+00  1.000E+00  1.000E+00  1.000E+00  1.000E+00  1.000E+00  1.000E+00  1.000E+00  1.000E+00  1.000E+00 ];
v__clk__ = [ 0.000E+00  0.000E+00  0.000E+00  0.000E+00  0.000E+00  0.000E+00  0.000E+00  0.000E+00  0.000E+00  0.000E+00  0.000E+00  0.000E+00  0.000E+00  0.000E+00  0.000E+00  0.000E+00  0.000E+00  0.000E+00  0.000E+00  0.000E+00  0.000E+00  0.000E+00  0.000E+00  0.000E+00  0.000E+00  0.000E+00  0.000E+00  0.000E+00  0.000E+00  0.000E+00  0.000E+00  0.000E+00  0.000E+00  0.000E+00  0.000E+00  0.000E+00  0.000E+00  0.000E+00  0.000E+00  0.000E+00  0.000E+00  0.000E+00  0.000E+00  0.000E+00  0.000E+00  0.000E+00  0.000E+00  0.000E+00  0.000E+00  0.000E+00  0.000E+00  0.000E+00  0.000E+00  0.000E+00  0.000E+00  0.000E+00  0.000E+00  0.000E+00  0.000E+00  0.000E+00  0.000E+00  0.000E+00  0.000E+00  0.000E+00  0.000E+00  0.000E+00  0.000E+00  0.000E+00  0.000E+00  0.000E+00  0.000E+00  0.000E+00  0.000E+00  0.000E+00  0.000E+00  0.000E+00  0.000E+00  0.000E+00  0.000E+00  0.000E+00  0.000E+00  0.000E+00  0.000E+00  0.000E+00  0.000E+00  0.000E+00  0.000E+00  0.000E+00  0.000E+00  0.000E+00  0.000E+00  0.000E+00  0.000E+00  0.000E+00  0.000E+00  0.000E+00  0.000E+00  0.000E+00  0.000E+00  0.000E+00  0.000E+00 ];
v__cmp_inp__ = [ 4.995E-04  5.062E-01  5.251E-01  5.363E-01  5.358E-01  5.131E-01  5.028E-01  5.046E-01  5.033E-01  5.059E-01  5.107E-01  5.209E-01  5.302E-01  5.006E-01  5.117E-01  5.021E-01  5.131E-01  5.145E-01  5.323E-01  5.031E-01  5.187E-01  5.086E-01  5.114E-01  5.019E-01  5.022E-01  5.139E-01  5.376E-01  5.095E-01  5.038E-01  5.123E-01  5.012E-01  5.023E-01  5.031E-01  5.029E-01  5.263E-01  5.065E-01  5.033E-01  5.050E-01  5.079E-01  5.104E-01  5.000E-01  5.283E-01  5.122E-01  5.350E-01  5.088E-01  5.000E-01  5.037E-01  5.112E-01  5.019E-01  5.378E-01  5.086E-01  5.079E-01  5.096E-01  5.121E-01  5.014E-01  5.261E-01  5.073E-01  5.306E-01  5.080E-01  5.059E-01  5.118E-01  5.143E-01  5.075E-01  5.370E-01  5.234E-01  5.073E-01  5.119E-01  5.100E-01  5.029E-01  5.070E-01  5.079E-01  5.024E-01  5.370E-01  5.201E-01  5.114E-01  5.081E-01  5.108E-01  5.125E-01  5.096E-01  5.355E-01  5.340E-01  5.222E-01  5.100E-01  5.065E-01  5.089E-01  5.055E-01  5.217E-01  5.175E-01  5.145E-01  5.146E-01  5.113E-01  5.068E-01  5.103E-01  5.042E-01  5.284E-01  5.351E-01  5.309E-01  5.021E-01  5.069E-01  5.106E-01  5.002E-01 ];
v__d_0__ = [ 1.000E+00  1.000E-14  1.000E+00  1.000E+00  1.000E+00  1.000E+00  1.000E-14  1.000E+00  1.000E+00  1.000E+00  1.000E+00  1.000E+00  1.000E+00  1.000E+00  1.000E+00  1.000E+00  1.000E+00  1.000E+00  1.000E+00  1.000E-14  1.000E+00  1.000E-14  1.000E-14  1.000E-14  1.000E+00  1.000E+00  1.000E+00  1.000E-14  1.000E+00  1.000E-14  1.000E+00  1.000E-14  1.000E-14  1.000E+00  1.000E+00  1.000E-14  1.000E-14  1.000E-14  1.000E-14  1.000E-14  1.000E+00  1.000E+00  1.000E-14  1.000E+00  1.000E+00  1.000E+00  1.000E+00  1.000E+00  1.000E+00  1.000E+00  1.000E+00  1.000E-14  1.000E+00  1.000E-14  1.000E+00  1.000E+00  1.000E-14  1.000E+00  1.000E+00  1.000E+00  1.000E-14  1.000E+00  1.000E+00  1.000E+00  1.000E+00  1.000E+00  1.000E-14  1.000E-14  1.000E+00  1.000E-14  1.000E-14  1.000E-14  1.000E+00  1.000E+00  1.000E+00  1.000E-14  1.000E-14  1.000E+00  1.000E+00  1.000E+00  1.000E+00  1.000E+00  1.000E-14  1.000E+00  1.000E+00  1.000E-14  1.000E+00  1.000E+00  1.000E+00  1.000E+00  1.000E+00  1.000E+00  1.000E+00  1.000E+00  1.000E+00  1.000E+00  1.000E+00  1.000E+00  1.000E+00  1.000E-14  1.000E+00 ];
v__d_1__ = [ 1.000E+00  1.000E-14  1.000E+00  1.000E-14  1.000E-14  1.000E-14  1.000E-14  1.000E-14  1.000E-14  1.000E+00  1.000E-14  1.000E-14  1.000E+00  1.000E-14  1.000E-14  1.000E-14  1.000E-14  1.000E-14  1.000E-14  1.000E-14  1.000E-14  1.000E-14  1.000E-14  1.000E-14  1.000E-14  1.000E+00  1.000E-14  1.000E+00  1.000E-14  1.000E-14  1.000E-14  1.000E-14  1.000E+00  1.000E-14  1.000E-14  1.000E-14  1.000E-14  1.000E-14  1.000E-14  1.000E-14  1.000E-14  1.000E-14  1.000E-14  1.000E-14  1.000E-14  1.000E-14  1.000E-14  1.000E-14  1.000E+00  1.000E-14  1.000E+00  1.000E-14  1.000E-14  1.000E-14  1.000E-14  1.000E-14  1.000E-14  1.000E-14  1.000E-14  1.000E-14  1.000E-14  1.000E-14  1.000E-14  1.000E+00  1.000E-14  1.000E-14  1.000E+00  1.000E-14  1.000E-14  1.000E-14  1.000E-14  1.000E+00  1.000E-14  1.000E+00  1.000E-14  1.000E-14  1.000E-14  1.000E-14  1.000E-14  1.000E+00  1.000E-14  1.000E-14  1.000E-14  1.000E-14  1.000E-14  1.000E-14  1.000E+00  1.000E-14  1.000E-14  1.000E+00  1.000E-14  1.000E-14  1.000E-14  1.000E-14  1.000E-14  1.000E-14  1.000E+00  1.000E-14  1.000E-14  1.000E-14  1.000E-14 ];
